32960
23037
184962
82318
32752
71378
84297
182421
78557
33333
68436
44194
182771
71599
6182
92835
187936
172982
12378
41322
97071
89829
27619
90895
82848
182001
31008
184668
73792
41182
53662
34015
72005
49099
34988
42309
69853
41637
177159
84613
71914
64032
70999
20090
176601
56517
61994
173834
3592
14618
95773
187948
93146
172272
4564
181013
175289
45202
32756
14672
188203
73545
87477
53688
175398
4134
11232
68249
182310
34090
107306
7974
71527
4020
35613
52224
176619
38061
60086
59957
187957
46465
80
42549
33069
96706
79737
178026
40129
182847
87288
75659
97965
178090
182398
164449
6477
187799
43186
49931
91341
96600
8788
3398
10813
187901
62584
61895
11188
269
179273
187747
89845
9829
175018
82887
114624
187525
187583
182438
84891
180780
50642
178521
82951
16176
177131
182818
88616
95686
174061
181581
49133
183907
42779
62194
12702