36041
14900
181061
108115
134499
119093
139935
163986
626
38700
178540
88435
184744
178650
40852
181054
58317
51382
179624
7951
181799
142370
105040
33731
122975
79230
84036
50866
148877
104320
12715
143752
8905
130421
91713
180824
188250
150130
34556
88616
182898
106360
30602
87910
68417
186152
145668
60394
184753
13167
188375
87586
116245
143068
123749
185533
80491
134320
109673
41284
174141
64743
73732
187874
29612
146055
109349
100506
111696
158368
30473
29671
119399
146264
10320
184672
140173
142703
86884
185440
85930
182495
86696
188107
32091
187810
76217
148687
186550
136051
178769
187667
180111
150714
186614
71740
8957
181433
106273
163970
11811
181172
3740
144602
178616
2316
22674
25172
13736
2519
179854
81091
178356
66132
1297
188370
111962
60403
179999
45587
136904
65400
187295
33711
58903
16897
47272
8522
101580
6039
188279
128285
150531
53859
47418
57664
111212
118548
52942
75827
53723
158579
174002
19283
176337
177881
181521
185114
48642
36752
183595
180305
178079
3702
103232
184222
60161
178988
67268
153772
35283
187608
171594
173859
57551
178900
184521
123071
154703
145312
180776
144434
185775
6337
7094
163757
18502
46745
3346
185222
183301
178612
182539
143561
121346
186259
118977
62623
185247
185741
22845
57251
64669
185424
123939
51550
89352
115477
152022
33087
161216
55697
150469
181957
31677
185634
45111
186115
30023
185450
181881
183903
182136
180612
181386
98919
121606
110968
5974
183495
147245
161716
128778
182577
179031
188576
154488
13393
69967
77126
115963
45631
43431
84107
178127
185693
187576
149705
184339
79625
34369
142967
174302
180915
181897
68944
132586
186285
31297
115274
45694
188529
183238
82056
171213
85427
182912
181555
183889
38577
93994
42892
181475
114392
164044
85001
28165
103840
55338
25218
80863
107093
111832
185961
131786
187285
134880
46348
183712
157460
188151
82786
95588
85862
145291
188373
59616
180664
70
108714
141574
183781
26370
151650
187159
176272
181311
51860
105496
168031
154444
62212
161999
92492
180033
62033
13625
174935
185326
113084
84378
148614
147403
